001 0.0
002 0.0
003 0.0
004 0.0
005 0.0
006 0.0
007 0.0
008 0.0
009 0.0
010 0.0
011 0.0
012 0.0
013 0.0
014 0.0
015 0.0
016 0.0
017 0.0
018 0.0
019 0.0
020 0.0
021 0.0
022 0.0
023 0.0
024 0.0
025 0.0
026 0.0
027 0.0
028 0.0
029 0.0
030 0.0
031 0.0
032 0.0
033 0.0
034 0.0
035 0.0
036 0.0
037 0.0
038 0.0
039 0.0
040 0.0
041 0.0
042 0.0
043 0.0
044 0.0
045 0.0
046 0.0
001 0.0
002 0.0
003 0.0
004 0.0
005 0.0
006 0.10000000149011612
007 0.0
008 0.10000000149011612
009 0.0
010 0.0
011 0.0
012 0.0
013 0.0
014 0.0
015 0.0
016 0.0
017 0.0
018 0.0
019 0.0
020 0.0
001 0.0
002 0.0
003 0.0
004 0.0
005 0.0
006 0.0
007 0.0
008 0.0
009 0.0
010 0.10000000149011612
011 0.0
012 0.0
013 0.0
014 0.0
015 0.0
016 0.09000000171363354
017 0.0
018 0.0
019 0.0
020 0.0
001 0.0
002 0.0
003 0.10000000149011612
004 0.0
005 0.0
006 0.0
007 0.0
008 0.0
009 0.10000000149011612
010 0.0
011 0.0
012 0.0
013 0.0
014 0.0
015 0.0
016 0.0
017 0.0
018 0.0
019 0.0
020 0.0
001 0.0
002 0.0
003 0.0
004 0.0
005 0.0
006 0.0
007 0.0
008 0.0
009 0.0
010 0.0
011 0.0
012 0.0
013 0.0
014 0.0
015 0.0
016 0.0
017 0.0
018 0.0
019 0.0
020 0.10000000149011612
021 0.0
022 0.0
023 0.0
024 0.0
025 0.0
026 0.0
027 0.0
028 0.0
029 0.0
030 0.0
031 0.0
032 0.0
033 0.0
034 0.0
035 0.0
036 0.0
037 0.0
038 0.0
039 0.0
040 0.0
041 0.0
042 0.0
043 0.0
044 0.0
045 0.0
046 0.0
047 0.0
048 0.0
049 0.0
050 0.0
051 0.0
052 0.0
053 0.0
054 0.0
055 0.0
056 0.0
057 0.0
058 0.0
059 0.0
060 0.0
061 0.0
062 0.0
063 0.0
064 0.0
065 0.0
066 0.0
067 0.0
068 0.0
069 0.0
070 0.0
071 0.0
072 0.0
073 0.0
074 0.0
075 0.0
076 0.0
077 0.0
078 0.0
079 0.0
080 0.0
081 0.0
082 0.0
083 0.0
084 0.0
085 0.0
086 0.0
087 0.0
088 0.0
089 0.0
090 0.0
091 0.0
092 0.10000000149011612
093 0.0
094 0.0
095 0.10000000149011612
096 0.0
097 0.0
098 0.0
099 0.0
100 0.0
101 0.0
102 0.0
103 0.09000000171363354
104 0.0
105 0.0
106 0.0
107 0.0
108 0.0
109 0.0
110 0.10000000149011612
111 0.09000000171363354
112 0.10000000149011612
113 0.0
114 0.0
115 0.0
116 0.0
117 0.0
118 0.0
119 0.09000000171363354
120 0.0
121 0.10000000149011612
122 0.0
123 0.0
124 0.0
125 0.0
126 0.0
127 0.0
128 0.0
129 0.0
130 0.0
131 0.0
132 0.0
133 0.0
134 0.0
135 0.0
136 0.0
137 0.0
138 0.0
139 0.0
140 0.0
141 0.0
142 0.0
143 0.0
144 0.0
145 0.0
146 0.0
147 0.0
148 0.0
149 0.0
150 0.0
151 0.0
152 0.0
153 0.0
154 0.0
155 0.0
156 0.0
157 0.0
158 0.0
159 0.0
160 0.0
161 0.0
162 0.0
163 0.0
164 0.0
165 0.0
166 0.0
167 0.0
168 0.0
169 0.0
170 0.0
171 0.0
172 0.0
173 0.0
174 0.0
175 0.0
176 0.0
177 0.0
178 0.0
179 0.0
180 0.0
181 0.0
182 0.0
183 0.0
184 0.0
185 0.0
186 0.0
187 0.0
188 0.0
189 0.0
190 0.0
191 0.0
192 0.0
193 0.0
194 0.0
195 0.0
196 0.0
197 0.0
198 0.0
199 0.0
200 0.0
201 0.0
202 0.0
203 0.0
204 0.0
205 0.0
206 0.0
207 0.0
208 0.0
209 0.0
210 0.0
211 0.0
212 0.0
213 0.0
214 0.0
215 0.0
216 0.0
217 0.0
218 0.0
219 0.0
220 0.0
221 0.0
222 0.0
223 0.0
224 0.0
225 0.0
226 0.0
227 0.0
228 0.0
229 0.0
230 0.10000000149011612
231 0.0
232 0.0
233 0.0
234 0.0
235 0.0
236 0.0
237 0.0
238 0.0
239 0.0
240 0.0
241 0.0
242 0.0
243 0.0
244 0.0
245 0.0
246 0.0
247 0.0
248 0.0
249 0.0
250 0.0
251 0.0
252 0.0
253 0.0
254 0.0
255 0.0
256 0.0
257 0.0
258 0.0
259 0.0
260 0.0
261 0.0
262 0.0
263 0.0
264 0.0
265 0.0
266 0.0
267 0.0
268 0.0
269 0.0
270 0.0
271 0.0
272 0.0
273 0.0
274 0.0
275 0.0
276 0.0
277 0.0
278 0.0
279 0.0
280 0.0
281 0.0
282 0.0
283 0.0
284 0.0
285 0.0
286 0.0
287 0.0
288 0.0
289 0.0
290 0.0
291 0.0
292 0.0
293 0.0
294 0.0
295 0.0
296 0.0
297 0.0
298 0.0
299 0.0
300 0.0
301 0.0
302 0.0
303 0.0
304 0.0
305 0.0
306 0.0
307 0.0
308 0.0
309 0.0
310 0.0
311 0.0
312 0.0
313 0.0
314 0.0
315 0.0
316 0.0
317 0.0
318 0.0
319 0.0
320 0.0
321 0.0
322 0.0
323 0.0
324 0.0
325 0.0
326 0.0
327 0.0
328 0.0
329 0.0
330 0.0
331 0.0
332 0.0
333 0.0
334 0.0
335 0.0
336 0.0
337 0.0
338 0.0
339 0.0
340 0.0
341 0.0
342 0.0
343 0.0
344 0.0
345 0.0
346 0.0
347 0.0
348 0.0
349 0.0
350 0.0
351 0.0
352 0.0
353 0.0
354 0.0
355 0.0
356 0.0
357 0.0
358 0.0
359 0.0
360 0.0
361 0.0
362 0.0
363 0.0
364 0.09000000171363354
365 0.0
366 0.0
367 0.0
368 0.0
369 0.0
370 0.0
371 0.0
372 0.0
373 0.0
374 0.0
375 0.0
376 0.0
377 0.0
378 0.0
379 0.0
380 0.0
381 0.0
382 0.0
383 0.0
384 0.0
385 0.0
386 0.0
387 0.0
388 0.0
389 0.0
390 0.0
391 0.0
392 0.0
393 0.0
394 0.0
395 0.0
396 0.0
397 0.0
398 0.0
399 0.0
400 0.0
401 0.10000000149011612
402 0.0
403 0.0
404 0.0
405 0.0
406 0.0
407 0.0
408 0.0
409 0.0
410 0.0
411 0.0
412 0.0
413 0.0
414 0.0
415 0.0
416 0.0
417 0.0
418 0.0
419 0.0
420 0.0
421 0.0
422 0.0
423 0.0
424 0.0
425 0.0
426 0.0
427 0.0
428 0.09000000171363354
429 0.0
430 0.0
431 0.0
432 0.0
433 0.0
434 0.0
435 0.0
436 0.0
437 0.0
438 0.0
439 0.0
440 0.0
441 0.0
442 0.0
443 0.0
444 0.0
445 0.0
446 0.0
447 0.0
448 0.0
449 0.0
450 0.0
451 0.0
452 0.0
453 0.0
454 0.0
455 0.0
456 0.0
457 0.0
458 0.0
459 0.0
460 0.0
461 0.0
462 0.0
463 0.0
464 0.0
465 0.0
466 0.0
467 0.10000000149011612
468 0.0
469 0.0
470 0.0
471 0.0
472 0.0
473 0.0
474 0.0
475 0.0
476 0.10000000149011612
477 0.0
478 0.0
479 0.0
480 0.0
481 0.0
482 0.0
483 0.0
484 0.0
485 0.0
486 0.0
487 0.0
488 0.0
489 0.0
490 0.0
491 0.0
492 0.0
493 0.09000000171363354
494 0.0
495 0.0
496 0.09000000171363354
497 0.0
498 0.0
499 0.09000000171363354
500 0.09000000171363354
501 0.0
502 0.0
503 0.0
504 0.0
505 0.0
506 0.0
507 0.0
508 0.0
509 0.0
510 0.0
511 0.0
512 0.0
513 0.0
514 0.0
515 0.09000000171363354
516 0.0
517 0.10000000149011612
518 0.10000000149011612
519 0.10000000149011612
520 0.10000000149011612
521 0.10000000149011612
522 0.0
523 0.0
524 0.0
525 0.0
526 0.0
527 0.0
528 0.0
529 0.0
530 0.0
531 0.0
532 0.0
533 0.0
534 0.09000000171363354
535 0.0
536 0.09000000171363354
537 0.0
538 0.0
539 0.09000000171363354
540 0.10000000149011612
541 0.10000000149011612
542 0.09000000171363354
543 0.10000000149011612
544 0.0
545 0.10000000149011612
546 0.10000000149011612
547 0.10000000149011612
548 0.09000000171363354
549 0.09000000171363354
550 0.10000000149011612
551 0.10000000149011612
552 0.10000000149011612
553 0.09000000171363354
554 0.10000000149011612
555 0.09000000171363354
556 0.09000000171363354
557 0.10000000149011612
558 0.09000000171363354
559 0.10000000149011612
560 0.0
561 0.09000000171363354
562 0.10000000149011612
563 0.09000000171363354
564 0.0
565 0.10000000149011612
566 0.10000000149011612
567 0.09000000171363354
568 0.09000000171363354
569 0.0
570 0.0
571 0.30000000447034836
572 0.0
573 0.09000000171363354
574 0.09000000171363354
575 0.10000000149011612
576 0.10000000149011612
577 0.10000000149011612
578 0.10000000149011612
579 0.09000000171363354
580 0.20000000298023224
581 0.09000000171363354
582 0.10000000149011612
583 0.10000000149011612
584 0.10000000149011612
585 0.10000000149011612
586 0.10000000149011612
587 0.0
588 0.09000000171363354
589 0.10000000149011612
590 0.09000000171363354
591 0.10000000149011612
592 0.0
593 0.09000000171363354
594 0.09000000171363354
595 0.0
596 0.0
597 0.0
598 0.0
599 0.0
600 0.0
601 0.10000000149011612
602 0.0
603 0.0
604 0.10000000149011612
605 0.19000000320374966
606 0.10000000149011612
607 0.0
608 0.0
609 0.19000000320374966
610 0.10000000149011612
611 0.19000000320374966
612 0.10000000149011612
613 0.20000000298023224
614 0.09000000171363354
615 0.09000000171363354
616 0.09000000171363354
617 0.10000000149011612
618 0.10000000149011612
619 0.09000000171363354
620 0.09000000171363354
621 0.10000000149011612
622 0.10000000149011612
623 0.09000000171363354
624 0.09000000171363354
625 0.10000000149011612
626 0.09000000171363354
627 0.10000000149011612
628 0.10000000149011612
629 0.0
630 0.10000000149011612
631 0.09000000171363354
632 0.0
633 0.10000000149011612
634 0.10000000149011612
635 0.10000000149011612
636 0.10000000149011612
637 0.0
638 0.20000000298023224
639 0.10000000149011612
640 0.10000000149011612
641 0.10000000149011612
642 0.10000000149011612
643 0.20000000298023224
644 0.10000000149011612
645 0.09000000171363354
646 0.10000000149011612
647 0.09000000171363354
648 0.09000000171363354
649 0.0
650 0.10000000149011612
651 0.0
652 0.10000000149011612
653 0.10000000149011612
654 0.10000000149011612
655 0.0
656 0.0
657 0.10000000149011612
658 0.0
659 0.10000000149011612
660 0.09000000171363354
661 0.0
662 0.10000000149011612
663 0.09000000171363354
664 0.0
665 0.10000000149011612
666 0.0
667 0.10000000149011612
668 0.10000000149011612
669 0.10000000149011612
670 0.20000000298023224
671 0.10000000149011612
672 0.10000000149011612
673 0.10000000149011612
674 0.10000000149011612
675 0.10000000149011612
676 0.09000000171363354
677 0.10000000149011612
678 0.09000000171363354
679 0.20000000298023224
680 0.10000000149011612
681 0.20000000298023224
682 0.09000000171363354
683 0.10000000149011612
684 0.10000000149011612
685 0.10000000149011612
686 0.0
687 0.0
688 0.10000000149011612
689 0.10000000149011612
690 0.30000000447034836
691 0.10000000149011612
692 0.09000000171363354
693 0.0
694 0.10000000149011612
695 0.10000000149011612
696 0.0
697 0.0
698 0.30000000447034836
699 0.0
700 0.0
701 0.10000000149011612
702 0.10000000149011612
703 0.10000000149011612
704 0.0
705 0.0
706 0.0
707 0.10000000149011612
708 0.10000000149011612
709 0.10000000149011612
710 0.19000000320374966
711 0.10000000149011612
712 0.10000000149011612
713 0.20000000298023224
714 0.10000000149011612
715 0.20000000298023224
716 0.20000000298023224
717 0.09000000171363354
718 0.10000000149011612
719 0.20000000298023224
720 0.10000000149011612
721 0.10000000149011612
722 0.20000000298023224
723 0.10000000149011612
724 0.20000000298023224
725 0.0
726 0.19000000320374966
727 0.10000000149011612
728 0.10000000149011612
729 0.0
730 0.10000000149011612
731 0.10000000149011612
732 0.10000000149011612
733 0.20000000298023224
734 0.09000000171363354
735 0.0
736 0.10000000149011612
737 0.10000000149011612
738 0.10000000149011612
739 0.10000000149011612
740 0.10000000149011612
741 0.10000000149011612
742 0.0
743 0.10000000149011612
744 0.10000000149011612
745 0.10000000149011612
746 0.20000000298023224
747 0.10000000149011612
748 0.20000000298023224
749 0.0
750 0.20000000298023224
751 0.10000000149011612
752 0.10000000149011612
753 0.10000000149011612
754 0.0
755 0.0
756 0.10000000149011612
757 0.10000000149011612
758 0.10000000149011612
759 0.0
760 0.09000000171363354
761 0.10000000149011612
762 0.20000000298023224
763 0.10000000149011612
764 0.10000000149011612
765 0.10000000149011612
766 0.10000000149011612
767 0.0
768 0.10000000149011612
769 0.10000000149011612
770 0.10000000149011612
771 0.0
772 0.10000000149011612
773 0.10000000149011612
774 0.10000000149011612
775 0.0
776 0.10000000149011612
777 0.4000000059604645
778 0.10000000149011612
779 0.0
780 0.20000000298023224
781 0.0
782 0.10000000149011612
783 0.20000000298023224
784 0.10000000149011612
785 0.0
786 0.09000000171363354
787 0.10000000149011612
788 0.10000000149011612
789 0.20000000298023224
790 0.0
791 0.10000000149011612
792 0.09000000171363354
793 0.10000000149011612
794 0.09000000171363354
795 0.10000000149011612
796 0.10000000149011612
797 0.10000000149011612
798 0.10000000149011612
799 0.10000000149011612
800 0.10000000149011612
801 0.10000000149011612
802 0.0
803 0.10000000149011612
804 0.10000000149011612
805 0.20000000298023224
806 0.09000000171363354
807 0.10000000149011612
808 0.10000000149011612
809 0.10000000149011612
810 0.10000000149011612
811 0.20000000298023224
812 0.10000000149011612
813 0.10000000149011612
814 0.10000000149011612
815 0.10000000149011612
816 0.10000000149011612
817 0.09000000171363354
818 0.10000000149011612
819 0.09000000171363354
820 0.0
821 0.0
822 0.10000000149011612
823 0.5000000074505806
824 0.10000000149011612
825 0.10000000149011612
826 0.10000000149011612
827 0.0
828 0.10000000149011612
829 0.10000000149011612
830 0.0
831 0.10000000149011612
832 0.10000000149011612
833 0.20000000298023224
834 0.10000000149011612
835 0.10000000149011612
836 0.10000000149011612
837 0.10000000149011612
838 0.4000000059604645
839 0.10000000149011612
840 0.0
841 0.10000000149011612
842 0.10000000149011612
843 0.0
844 0.20000000298023224
845 0.10000000149011612
846 0.0
847 0.10000000149011612
848 0.10000000149011612
849 0.10000000149011612
850 0.10000000149011612
851 0.10000000149011612
852 0.0
853 0.10000000149011612
854 0.0
855 0.10000000149011612
856 0.19000000320374966
857 0.19000000320374966
858 0.10000000149011612
859 0.10000000149011612
860 0.10000000149011612
861 0.10000000149011612
862 0.10000000149011612
863 0.0
864 0.0
865 0.0
866 0.10000000149011612
867 0.10000000149011612
868 0.10000000149011612
869 0.10000000149011612
870 0.10000000149011612
871 0.0
872 0.09000000171363354
873 0.0
874 0.10000000149011612
875 0.10000000149011612
876 0.10000000149011612
877 0.0
878 0.30000000447034836
879 0.10000000149011612
880 0.0
881 0.10000000149011612
882 0.10000000149011612
883 0.10000000149011612
884 0.10000000149011612
885 0.10000000149011612
886 0.20000000298023224
887 0.0
888 0.0
889 0.10000000149011612
890 0.0
891 0.10000000149011612
892 0.10000000149011612
893 0.10000000149011612
894 0.0
895 0.10000000149011612
896 0.0
897 0.10000000149011612
898 0.10000000149011612
899 0.20000000298023224
900 0.0
901 0.10000000149011612
902 0.09000000171363354
903 0.0
904 0.0
905 0.0
906 0.0
907 0.0
908 0.0
909 0.10000000149011612
910 0.10000000149011612
911 0.0
912 0.0
913 0.0
914 0.10000000149011612
915 0.20000000298023224
916 0.0
917 0.10000000149011612
918 0.0
919 0.20000000298023224
920 0.0
921 0.0
922 0.0
923 0.10000000149011612
924 0.0
925 0.0
926 0.0
927 0.20000000298023224
928 0.20000000298023224
929 0.0
930 0.10000000149011612
931 0.10000000149011612
932 0.0
933 0.0
934 0.0
935 0.0
936 0.0
937 0.0
938 0.0
939 0.20000000298023224
940 0.0
941 0.10000000149011612
942 0.0
943 0.10000000149011612
944 0.10000000149011612
945 0.20000000298023224
946 0.30000000447034836
947 0.0
948 0.10000000149011612
949 0.10000000149011612
950 0.0
951 0.0
952 0.10000000149011612
953 0.0
954 0.10000000149011612
955 0.10000000149011612
956 0.10000000149011612
957 0.10000000149011612
958 0.0
959 0.10000000149011612
960 0.20000000298023224
961 0.10000000149011612
962 0.10000000149011612
963 0.10000000149011612
964 0.0
965 0.0
966 0.10000000149011612
967 0.0
968 0.10000000149011612
969 0.0
970 0.10000000149011612
971 0.10000000149011612
972 0.0
973 0.10000000149011612
974 0.0
975 0.0
976 0.10000000149011612
977 0.09000000171363354
978 0.0
979 0.20000000298023224
980 0.0
981 0.10000000149011612
982 0.20000000298023224
983 0.10000000149011612
984 0.10000000149011612
985 0.0
986 0.20000000298023224
987 0.0
988 0.10000000149011612
989 0.10000000149011612
990 0.0
991 0.10000000149011612
992 0.10000000149011612
993 0.0
994 0.0
995 0.20000000298023224
996 0.10000000149011612
997 0.10000000149011612
998 0.10000000149011612
999 0.0
1000 0.0
1001 0.10000000149011612
1002 0.20000000298023224
1003 0.10000000149011612
1004 0.0
1005 0.0
1006 0.20000000298023224
1007 0.10000000149011612
1008 0.0
1009 0.10000000149011612
1010 0.10000000149011612
1011 0.0
1012 0.0
1013 0.09000000171363354
1014 0.10000000149011612
1015 0.0
1016 0.10000000149011612
1017 0.0
1018 0.0
1019 0.0
1020 0.0
1021 0.10000000149011612
1022 0.20000000298023224
1023 0.10000000149011612
1024 0.20000000298023224
1025 0.10000000149011612
1026 0.0
1027 0.10000000149011612
1028 0.20000000298023224
1029 0.0
1030 0.10000000149011612
1031 0.20000000298023224
1032 0.30000000447034836
1033 0.10000000149011612
1034 0.0
1035 0.0
1036 0.0
1037 0.0
1038 0.20000000298023224
1039 0.0
1040 0.0
1041 0.10000000149011612
1042 0.20000000298023224
1043 0.10000000149011612
1044 0.0
1045 0.20000000298023224
1046 0.10000000149011612
1047 0.10000000149011612
1048 0.09000000357627869
1049 0.0
1050 0.10000000149011612
1051 0.30000000447034836
1052 0.10000000149011612
1053 0.0
1054 0.0
1055 0.0
1056 0.10000000149011612
1057 0.20000000298023224
1058 0.0
1059 0.10000000149011612
1060 0.0
1061 0.0
1062 0.20000000298023224
1063 0.20000000298023224
1064 0.0
1065 0.20000000298023224
1066 0.0
1067 0.0
1068 0.0
1069 0.10000000149011612
1070 0.10000000149011612
1071 0.10000000149011612
1072 0.0
1073 0.0
1074 0.20000000298023224
1075 0.0
1076 0.20000000298023224
1077 0.10000000149011612
1078 0.0
1079 0.30000000447034836
1080 0.10000000149011612
1081 0.10000000149011612
1082 0.20000000298023224
1083 0.0
1084 0.10000000149011612
1085 0.10000000149011612
1086 0.0
1087 0.20000000298023224
1088 0.0
1089 0.0
1090 0.0
1091 0.10000000149011612
1092 0.0
1093 0.20000000298023224
1094 0.10000000149011612
1095 0.10000000149011612
1096 0.0
1097 0.10000000149011612
1098 0.0
1099 0.09000000171363354
1100 0.10000000149011612
1101 0.0
1102 0.0
1103 0.10000000149011612
1104 0.10000000149011612
1105 0.10000000149011612
1106 0.10000000149011612
1107 0.0
1108 0.10000000149011612
1109 0.0
1110 0.10000000149011612
1111 0.20000000298023224
1112 0.10000000149011612
1113 0.10000000149011612
1114 0.0
1115 0.30000000447034836
1116 0.19000000320374966
1117 0.10000000149011612
1118 0.10000000149011612
1119 0.10000000149011612
1120 0.09000000171363354
1121 0.0
1122 0.10000000149011612
1123 0.10000000149011612
1124 0.20000000298023224
1125 0.10000000149011612
1126 0.10000000149011612
1127 0.0
1128 0.10000000149011612
1129 0.20000000298023224
1130 0.10000000149011612
1131 0.10000000149011612
1132 0.0
1133 0.20000000298023224
1134 0.20000000298023224
1135 0.10000000149011612
1136 0.0
1137 0.0
1138 0.0
1139 0.0
1140 0.20000000298023224
1141 0.30000000447034836
1142 0.20000000298023224
1143 0.20000000298023224
1144 0.20000000298023224
1145 0.0
1146 0.10000000149011612
1147 0.10000000149011612
1148 0.20000000298023224
1149 0.10000000149011612
1150 0.10000000149011612
1151 0.20000000298023224
1152 0.30000000447034836
1153 0.10000000149011612
1154 0.10000000149011612
1155 0.10000000149011612
1156 0.10000000149011612
1157 0.10000000149011612
1158 0.10000000149011612
1159 0.10000000149011612
1160 0.10000000149011612
1161 0.0
1162 0.10000000149011612
1163 0.10000000149011612
1164 0.20000000298023224
1165 0.0
1166 0.10000000149011612
1167 0.10000000149011612
1168 0.10000000149011612
1169 0.0
1170 0.20000000298023224
1171 0.10000000149011612
1172 0.10000000149011612
1173 0.10000000149011612
1174 0.0
1175 0.19000000320374966
1176 0.10000000149011612
1177 0.10000000149011612
1178 0.19000000320374966
1179 0.10000000149011612
1180 0.20000000298023224
1181 0.09000000171363354
1182 0.10000000149011612
1183 0.10000000149011612
1184 0.10000000149011612
1185 0.10000000149011612
1186 0.10000000149011612
1187 0.10000000149011612
1188 0.10000000149011612
1189 0.10000000149011612
1190 0.20000000298023224
1191 0.10000000149011612
1192 0.6900000106543303
1193 0.20000000298023224
1194 0.10000000149011612
1195 0.0
1196 0.20000000298023224
1197 0.30000000447034836
1198 0.10000000149011612
1199 0.20000000298023224
1200 0.10000000149011612
1201 0.30000000447034836
1202 0.20000000298023224
1203 0.20000000298023224
1204 0.10000000149011612
1205 0.10000000149011612
1206 0.20000000298023224
1207 0.0
1208 0.4000000059604645
1209 0.4000000059604645
1210 0.10000000149011612
1211 0.5000000074505806
1212 0.20000000298023224
1213 0.30000000447034836
1214 0.4000000059604645
1215 0.30000000447034836
1216 0.09000000171363354
1217 0.10000000149011612
1218 0.20000000298023224
1219 0.0
1220 0.20000000298023224
1221 0.0
1222 0.10000000149011612
1223 0.10000000149011612
1224 0.10000000149011612
1225 0.10000000149011612
1226 0.0
1227 0.10000000149011612
1228 0.20000000298023224
1229 0.10000000149011612
1230 0.10000000149011612
1231 0.10000000149011612
1232 0.10000000149011612
1233 0.0
1234 0.10000000149011612
1235 0.20000000298023224
1236 0.0
1237 0.0
1238 0.19000000320374966
1239 0.10000000149011612
1240 0.0
1241 0.09000000171363354
1242 0.19000000320374966
1243 0.10000000149011612
1244 0.10000000149011612
1245 0.20000000298023224
1246 0.19000000320374966
1247 0.0
1248 0.0
1249 0.10000000149011612
1250 0.10000000149011612
1251 0.20000000298023224
1252 0.10000000149011612
1253 0.0
1254 0.10000000149011612
1255 0.10000000149011612
1256 0.10000000149011612
1257 0.3900000061839819
1258 0.10000000149011612
1259 0.10000000149011612
1260 0.30000000447034836
1261 0.10000000149011612
1262 0.10000000149011612
1263 0.20000000298023224
1264 0.30000000447034836
1265 0.20000000298023224
1266 0.10000000149011612
1267 0.0
1268 0.10000000149011612
1269 0.10000000149011612
1270 0.10000000149011612
1271 0.10000000149011612
1272 0.10000000149011612
1273 0.10000000149011612
1274 0.20000000298023224
1275 0.20000000298023224
1276 0.10000000149011612
1277 0.0
1278 0.10000000149011612
1279 0.10000000149011612
1280 0.30000000447034836
1281 0.30000000447034836
1282 0.10000000149011612
1283 0.10000000149011612
1284 0.0
1285 0.10000000149011612
1286 0.10000000149011612
1287 0.10000000149011612
1288 0.10000000149011612
1289 0.10000000149011612
1290 0.10000000149011612
1291 0.0
1292 0.19000000320374966
1293 0.10000000149011612
1294 0.09000000171363354
1295 0.20000000298023224
1296 0.09000000171363354
1297 0.20000000298023224
1298 0.4000000059604645
1299 0.10000000149011612
1300 0.10000000149011612
1301 0.4000000059604645
1302 0.19000000320374966
1303 0.10000000149011612
1304 0.10000000149011612
1305 0.10000000149011612
1306 0.0
1307 0.10000000149011612
1308 0.10000000149011612
1309 0.0
1310 0.10000000149011612
1311 0.0
1312 0.20000000298023224
1313 0.30000000447034836
1314 0.0
1315 0.30000000447034836
1316 0.0
1317 0.20000000298023224
1318 0.10000000149011612
1319 0.10000000149011612
1320 0.20000000298023224
1321 0.10000000149011612
1322 0.0
1323 0.0
1324 0.10000000149011612
1325 0.0
1326 0.10000000149011612
1327 0.0
1328 0.10000000149011612
1329 0.10000000149011612
1330 0.20000000298023224
1331 0.10000000149011612
1332 0.10000000149011612
1333 0.10000000149011612
1334 0.0
1335 0.10000000149011612
1336 0.0
1337 0.09000000171363354
1338 0.0
1339 0.30000000447034836
1340 0.10000000149011612
1341 0.19000000320374966
1342 0.10000000149011612
1343 0.20000000298023224
1344 0.0
1345 0.10000000149011612
1346 0.10000000149011612
1347 0.0
1348 0.10000000149011612
1349 0.10000000149011612
1350 0.10000000149011612
1351 0.10000000149011612
1352 0.10000000149011612
1353 0.10000000149011612
1354 0.20000000298023224
1355 0.09000000171363354
1356 0.0
1357 0.20000000298023224
1358 0.30000000447034836
1359 0.20000000298023224
1360 0.10000000149011612
1361 0.10000000149011612
1362 0.20000000298023224
1363 0.10000000149011612
1364 0.19000000320374966
1365 0.0
1366 0.10000000149011612
1367 0.0
1368 0.10000000149011612
1369 0.10000000149011612
1370 0.10000000149011612
1371 0.0
1372 0.0
1373 0.10000000149011612
1374 0.10000000149011612
1375 0.10000000149011612
1376 0.10000000149011612
1377 0.10000000149011612
1378 0.2900000046938658
1379 0.0
1380 0.0
1381 0.10000000149011612
1382 0.10000000149011612
1383 0.09000000171363354
1384 0.10000000149011612
1385 0.19000000320374966
1386 0.30000000447034836
1387 0.10000000149011612
1388 0.10000000149011612
1389 0.5000000074505806
1390 0.10000000149011612
1391 0.0
1392 0.10000000149011612
1393 0.10000000149011612
1394 0.10000000149011612
1395 0.20000000298023224
1396 0.10000000149011612
1397 0.10000000149011612
1398 0.10000000149011612
1399 0.0
1400 0.10000000149011612
1401 0.10000000149011612
1402 0.10000000149011612
1403 0.10000000149011612
1404 0.10000000149011612
1405 0.10000000149011612
1406 0.10000000149011612
1407 0.10000000149011612
1408 0.0
1409 0.10000000149011612
1410 0.10000000149011612
1411 0.10000000149011612
1412 0.10000000149011612
1413 0.10000000149011612
1414 0.0
1415 0.4000000059604645
1416 0.0
1417 0.20000000298023224
1418 0.20000000298023224
1419 0.30000000447034836
1420 0.2900000065565109
1421 0.10000000149011612
1422 0.10000000149011612
1423 0.20000000298023224
1424 0.10000000149011612
1425 0.0
1426 0.30000000447034836
1427 0.20000000298023224
1428 0.10000000149011612
1429 0.10000000149011612
1430 0.10000000149011612
1431 0.10000000149011612
1432 0.10000000149011612
1433 0.0
1434 0.10000000149011612
1435 0.19000000320374966
1436 0.10000000149011612
1437 0.10000000149011612
1438 0.10000000149011612
1439 0.10000000149011612
1440 0.10000000149011612
1441 0.20000000298023224
1442 0.10000000149011612
1443 0.10000000149011612
1444 0.10000000149011612
1445 0.0
1446 0.10000000149011612
1447 0.10000000149011612
1448 0.30000000447034836
1449 0.20000000298023224
1450 0.10000000149011612
1451 0.20000000298023224
1452 0.20000000298023224
1453 0.20000000298023224
1454 0.20000000298023224
1455 0.10000000149011612
1456 0.19000000320374966
1457 0.0
1458 0.20000000298023224
1459 0.10000000149011612
1460 0.10000000149011612
1461 0.10000000149011612
1462 0.10000000149011612
1463 0.10000000149011612
1464 0.20000000298023224
1465 0.10000000149011612
1466 0.19000000320374966
1467 0.0
1468 0.30000000447034836
1469 0.10000000149011612
1470 0.10000000149011612
1471 0.0
1472 0.10000000149011612
1473 0.20000000298023224
1474 0.20000000298023224
1475 0.10000000149011612
1476 0.20000000298023224
1477 0.0
1478 0.3900000061839819
1479 0.10000000149011612
1480 0.0
1481 0.0
1482 0.0
1483 0.10000000149011612
1484 0.10000000149011612
1485 0.0
1486 0.20000000298023224
1487 0.10000000149011612
1488 0.10000000149011612
1489 0.10000000149011612
1490 0.10000000149011612
1491 0.09000000171363354
1492 0.20000000298023224
1493 0.20000000298023224
1494 0.10000000149011612
1495 0.0
1496 0.10000000149011612
1497 0.2900000046938658
1498 0.10000000149011612
1499 0.30000000447034836
1500 0.0
1501 0.10000000149011612
1502 0.0
1503 0.19000000320374966
1504 0.0
1505 0.10000000149011612
1506 0.10000000149011612
1507 0.20000000298023224
1508 0.10000000149011612
1509 0.10000000149011612
1510 0.20000000298023224
1511 0.10000000149011612
1512 0.20000000298023224
1513 0.20000000298023224
1514 0.10000000149011612
1515 0.10000000149011612
1516 0.4000000059604645
1517 0.20000000298023224
1518 0.19000000320374966
1519 0.19000000320374966
1520 0.0
1521 0.10000000149011612
1522 0.10000000149011612
1523 0.10000000149011612
1524 0.10000000149011612
1525 0.6000000089406967
1526 0.0
1527 0.10000000149011612
1528 0.20000000298023224
1529 0.10000000149011612
1530 0.10000000149011612
1531 0.10000000149011612
1532 0.20000000298023224
1533 0.0
1534 0.10000000149011612
1535 0.10000000149011612
1536 0.10000000149011612
1537 0.20000000298023224
1538 0.10000000149011612
1539 0.10000000149011612
1540 0.20000000298023224
1541 0.20000000298023224
1542 0.10000000149011612
1543 0.20000000298023224
1544 0.10000000149011612
1545 0.10000000149011612
1546 0.0
1547 0.10000000149011612
1548 0.5000000074505806
1549 0.20000000298023224
1550 0.10000000149011612
1551 0.10000000149011612
1552 0.20000000298023224
1553 0.0
1554 0.20000000298023224
1555 0.10000000149011612
1556 0.30000000447034836
1557 0.10000000149011612
1558 0.0
1559 0.10000000149011612
1560 0.10000000149011612
1561 0.0
1562 0.0
1563 0.10000000149011612
1564 0.4000000059604645
1565 0.10000000149011612
1566 0.20000000298023224
1567 0.10000000149011612
1568 0.20000000298023224
1569 0.4000000059604645
1570 0.20000000298023224
1571 0.30000000447034836
1572 0.0
1573 0.10000000149011612
1574 0.10000000149011612
1575 0.10000000149011612
1576 0.10000000149011612
1577 0.10000000149011612
1578 0.10000000149011612
1579 0.20000000298023224
1580 0.10000000149011612
1581 0.0
1582 0.10000000149011612
1583 0.20000000298023224
1584 0.20000000298023224
1585 0.19000000320374966
1586 0.10000000149011612
1587 0.10000000149011612
1588 0.10000000149011612
1589 0.10000000149011612
1590 0.10000000149011612
1591 0.10000000149011612
1592 0.20000000298023224
1593 0.20000000298023224
1594 0.30000000447034836
1595 0.10000000149011612
1596 0.10000000149011612
1597 0.10000000149011612
1598 0.10000000149011612
1599 0.10000000149011612
1600 0.20000000298023224
1601 0.20000000298023224
1602 0.0
1603 0.10000000149011612
1604 0.0
1605 0.10000000149011612
1606 0.2900000046938658
1607 0.10000000149011612
1608 0.10000000149011612
1609 0.10000000149011612
1610 0.10000000149011612
1611 0.0
1612 0.10000000149011612
1613 0.10000000149011612
1614 0.20000000298023224
1615 0.10000000149011612
1616 0.0
1617 0.20000000298023224
1618 0.10000000149011612
1619 0.10000000149011612
1620 0.10000000149011612
1621 0.20000000298023224
1622 0.0
1623 0.20000000298023224
1624 0.30000000447034836
1625 0.20000000298023224
1626 0.10000000149011612
1627 0.20000000298023224
1628 0.20000000298023224
1629 0.0
1630 0.20000000298023224
1631 0.20000000298023224
1632 0.6000000089406967
1633 0.10000000149011612
1634 0.20000000298023224
1635 0.4000000059604645
1636 0.0
1637 0.10000000149011612
1638 0.0
1639 0.10000000149011612
1640 0.09000000171363354
1641 0.10000000149011612
1642 0.30000000447034836
1643 0.4000000059604645
1644 0.10000000149011612
1645 0.2900000046938658
1646 0.10000000149011612
1647 0.10000000149011612
1648 0.0
1649 0.10000000149011612
1650 0.4000000059604645
1651 0.10000000149011612
1652 0.10000000149011612
1653 0.10000000149011612
1654 0.10000000149011612
1655 0.10000000149011612
1656 0.10000000149011612
1657 0.10000000149011612
1658 0.0
1659 0.10000000149011612
1660 0.20000000298023224
1661 0.10000000149011612
1662 0.10000000149011612
1663 0.20000000298023224
1664 0.0
1665 0.10000000149011612
1666 0.10000000149011612
1667 0.10000000149011612
1668 0.10000000149011612
1669 0.0
1670 0.10000000149011612
1671 0.10000000149011612
1672 0.20000000298023224
1673 0.10000000149011612
1674 0.10000000149011612
1675 0.30000000447034836
1676 0.10000000149011612
1677 0.10000000149011612
1678 0.20000000298023224
1679 0.10000000149011612
1680 0.20000000298023224
1681 0.0
1682 0.20000000298023224
1683 0.5000000074505806
1684 0.10000000149011612
1685 0.0
1686 0.10000000149011612
1687 0.10000000149011612
1688 0.10000000149011612
1689 0.7000000104308128
1690 0.0
1691 0.10000000149011612
1692 0.10000000149011612
1693 0.0
1694 0.10000000149011612
1695 0.0
1696 0.10000000149011612
1697 0.10000000149011612
1698 0.20000000298023224
1699 0.20000000298023224
1700 0.20000000298023224
1701 0.10000000149011612
1702 0.20000000298023224
1703 0.10000000149011612
1704 0.0
1705 0.0
1706 0.10000000149011612
1707 0.10000000149011612
1708 0.20000000298023224
1709 0.20000000298023224
1710 0.0
1711 0.30000000447034836
1712 0.10000000149011612
1713 0.20000000298023224
1714 0.10000000149011612
1715 0.10000000149011612
1716 0.10000000149011612
1717 0.19000000320374966
1718 0.5000000074505806
1719 0.19000000320374966
1720 0.10000000149011612
1721 0.20000000298023224
1722 0.10000000149011612
1723 0.10000000149011612
1724 0.10000000149011612
1725 0.4000000059604645
1726 0.30000000447034836
1727 0.10000000149011612
1728 0.10000000149011612
1729 0.20000000298023224
1730 0.10000000149011612
1731 0.20000000298023224
1732 0.0
1733 0.19000000320374966
1734 0.10000000149011612
1735 0.20000000298023224
1736 0.2900000046938658
1737 0.10000000149011612
1738 0.10000000149011612
1739 0.20000000298023224
1740 0.10000000149011612
1741 0.10000000149011612
1742 0.10000000149011612
1743 0.20000000298023224
1744 0.10000000149011612
1745 0.20000000298023224
1746 0.30000000447034836
1747 0.10000000149011612
1748 0.09000000171363354
1749 0.4000000059604645
1750 0.10000000149011612
1751 0.0
1752 0.0
1753 0.10000000149011612
1754 0.10000000149011612
1755 0.20000000298023224
1756 0.6000000089406967
1757 0.5000000074505806
1758 0.20000000298023224
1759 0.10000000149011612
1760 0.6000000089406967
1761 0.30000000447034836
1762 0.20000000298023224
1763 0.10000000149011612
1764 0.20000000298023224
1765 0.0
1766 0.10000000149011612
1767 0.0
1768 0.0
1769 0.20000000298023224
1770 0.0
1771 0.10000000149011612
1772 0.19000000320374966
1773 0.0
1774 0.20000000298023224
1775 0.10000000149011612
1776 0.10000000149011612
1777 0.20000000298023224
1778 0.10000000149011612
1779 0.2900000046938658
1780 0.10000000149011612
1781 0.20000000298023224
1782 0.0
1783 0.30000000447034836
1784 0.20000000298023224
1785 0.6000000089406967
1786 0.20000000298023224
1787 0.10000000149011612
1788 0.30000000447034836
1789 0.5000000074505806
1790 0.0
1791 0.09000000357627869
1792 0.10000000149011612
1793 0.20000000298023224
1794 0.5000000074505806
1795 0.5000000074505806
1796 0.20000000298023224
1797 0.10000000149011612
1798 0.3900000061839819
1799 0.0
1800 0.30000000447034836
1801 0.30000000447034836
1802 0.0
1803 0.10000000149011612
1804 0.30000000447034836
1805 0.2900000046938658
1806 0.19000000320374966
1807 0.30000000447034836
1808 0.10000000149011612
1809 0.10000000149011612
1810 0.10000000149011612
1811 0.10000000149011612
1812 0.20000000298023224
1813 0.0
1814 0.19000000320374966
1815 0.5000000074505806
1816 0.5000000074505806
1817 0.10000000149011612
1818 0.0
1819 0.30000000447034836
1820 0.4000000059604645
1821 0.20000000298023224
1822 0.0
1823 0.10000000149011612
1824 0.7000000104308128
1825 0.19000000320374966
1826 0.20000000298023224
1827 0.10000000149011612
1828 0.10000000149011612
1829 0.10000000149011612
1830 0.10000000149011612
1831 0.30000000447034836
1832 0.19000000320374966
1833 0.10000000149011612
1834 0.20000000298023224
1835 0.30000000447034836
1836 0.10000000149011612
1837 0.10000000149011612
1838 0.10000000149011612
1839 0.0
1840 0.20000000298023224
1841 0.0
1842 0.10000000149011612
1843 0.5000000074505806
1844 0.10000000149011612
1845 0.10000000149011612
1846 0.20000000298023224
1847 0.10000000149011612
1848 0.10000000149011612
1849 0.10000000149011612
1850 0.4000000059604645
1851 0.30000000447034836
1852 0.20000000298023224
1853 0.20000000298023224
1854 0.30000000447034836
1855 0.10000000149011612
1856 0.10000000149011612
1857 0.4000000059604645
1858 0.3900000061839819
1859 0.19000000320374966
1860 0.20000000298023224
1861 0.6000000089406967
1862 0.10000000149011612
1863 0.10000000149011612
1864 0.10000000149011612
1865 0.10000000149011612
1866 0.10000000149011612
1867 0.19000000320374966
1868 0.10000000149011612
1869 0.20000000298023224
1870 0.0
1871 0.4000000059604645
1872 0.0
1873 0.10000000149011612
1874 0.10000000149011612
1875 0.10000000149011612
1876 0.20000000298023224
1877 0.19000000320374966
1878 0.30000000447034836
1879 0.10000000149011612
1880 0.20000000298023224
1881 0.30000000447034836
1882 0.10000000149011612
1883 0.6000000089406967
1884 0.30000000447034836
1885 0.30000000447034836
1886 0.2900000046938658
1887 0.20000000298023224
1888 0.800000011920929
1889 0.10000000149011612
1890 0.20000000298023224
1891 0.0
1892 0.7000000104308128
1893 0.10000000149011612
1894 0.10000000149011612
1895 0.30000000447034836
1896 0.10000000149011612
1897 0.10000000149011612
1898 0.30000000447034836
1899 0.0
1900 0.20000000298023224
1901 0.10000000149011612
1902 0.0
1903 0.0
1904 0.10000000149011612
1905 0.0
1906 0.20000000298023224
1907 0.0
1908 0.10000000149011612
1909 0.10000000149011612
1910 0.30000000447034836
1911 0.0
1912 0.10000000149011612
1913 0.20000000298023224
1914 0.20000000298023224
1915 0.10000000149011612
1916 0.0
1917 0.20000000298023224
1918 0.0
1919 0.20000000298023224
1920 0.0
1921 1.4000000208616257
1922 0.2900000046938658
1923 0.0
1924 0.10000000149011612
1925 0.20000000298023224
1926 0.0
1927 0.3900000061839819
1928 0.0
1929 0.10000000149011612
1930 0.10000000149011612
1931 0.10000000149011612
1932 0.30000000447034836
1933 0.4000000059604645
1934 0.30000000447034836
1935 0.4000000059604645
1936 0.0
1937 0.20000000298023224
1938 0.20000000298023224
1939 0.10000000149011612
1940 0.10000000149011612
1941 0.10000000149011612
1942 0.20000000298023224
1943 0.4000000059604645
1944 0.20000000298023224
1945 0.5000000074505806
1946 0.20000000298023224
1947 0.20000000298023224
1948 0.20000000298023224
1949 0.20000000298023224
1950 0.0
1951 0.20000000298023224
1952 0.10000000149011612
1953 0.0
1954 0.10000000149011612
1955 0.0
1956 0.10000000149011612
1957 0.10000000149011612
1958 0.20000000298023224
1959 0.0
1960 0.4000000059604645
1961 0.30000000447034836
1962 0.0
1963 0.0
1964 0.30000000447034836
1965 0.5000000074505806
1966 0.20000000298023224
1967 0.19000000320374966
1968 0.0
1969 0.10000000149011612
1970 0.20000000298023224
1971 0.4000000059604645
1972 0.0
1973 0.6000000089406967
1974 0.10000000149011612
1975 0.0
1976 0.20000000298023224
1977 0.10000000149011612
1978 0.10000000149011612
1979 0.30000000447034836
1980 0.20000000298023224
1981 0.20000000298023224
1982 0.10000000149011612
1983 0.10000000149011612
1984 0.0
1985 0.10000000149011612
1986 0.09000000171363354
1987 0.20000000298023224
1988 0.0
1989 0.10000000149011612
1990 0.20000000298023224
1991 0.10000000149011612
1992 0.0
1993 0.20000000298023224
1994 0.4000000059604645
1995 0.6000000089406967
1996 0.0
1997 0.0
1998 0.10000000149011612
1999 0.10000000149011612
2000 0.0
2001 0.10000000149011612
2002 0.10000000149011612
2003 0.10000000149011612
2004 0.0
2005 0.19000000320374966
2006 0.30000000447034836
2007 0.19000000320374966
2008 0.0
2009 0.10000000149011612
2010 0.0
2011 0.10000000149011612
2012 0.10000000149011612
2013 0.9000000134110451
2014 0.10000000149011612
2015 0.10000000149011612
2016 0.30000000447034836
2017 0.0
2018 0.0
2019 0.10000000149011612
2020 0.0
2021 0.10000000149011612
2022 0.10000000149011612
2023 0.0
2024 0.10000000149011612
2025 0.20000000298023224
2026 0.10000000149011612
2027 0.10000000149011612
2028 0.10000000149011612
2029 0.30000000447034836
2030 0.10000000149011612
2031 0.4000000059604645
2032 0.7000000104308128
2033 0.30000000447034836
2034 0.0
2035 0.10000000149011612
2036 0.0
2037 0.10000000149011612
2038 0.20000000298023224
2039 0.10000000149011612
2040 0.4000000059604645
2041 0.30000000447034836
2042 0.20000000298023224
2043 0.10000000149011612
2044 0.20000000298023224
2045 0.20000000298023224
2046 0.30000000447034836
2047 0.6000000089406967
2048 0.3900000061839819
2049 0.30000000447034836
2050 0.30000000447034836
2051 0.30000000447034836
2052 0.20000000298023224
2053 0.10000000149011612
2054 0.20000000298023224
2055 0.6000000089406967
2056 0.20000000298023224
2057 0.0
2058 0.0
2059 0.30000000447034836
2060 0.0
2061 1.0000000149011612
2062 0.0
2063 0.30000000447034836
2064 0.20000000298023224
2065 0.30000000447034836
2066 0.0
2067 0.5000000074505806
2068 0.10000000149011612
2069 0.10000000149011612
2070 0.0
2071 0.19000000320374966
2072 0.10000000149011612
2073 0.7000000104308128
2074 0.10000000149011612
2075 0.4000000059604645
2076 0.0
2077 0.0
2078 0.10000000149011612
2079 0.30000000447034836
2080 0.4000000059604645
2081 0.0
2082 0.10000000149011612
2083 0.10000000149011612
2084 0.10000000149011612
2085 0.0
2086 0.10000000149011612
2087 0.800000011920929
2088 0.19000000320374966
2089 0.30000000447034836
2090 0.4000000059604645
2091 0.20000000298023224
2092 0.2900000046938658
2093 0.10000000149011612
2094 0.10000000149011612
2095 0.0
2096 0.0
2097 0.0
2098 0.20000000298023224
2099 0.10000000149011612
2100 0.10000000149011612
2101 0.10000000149011612
2102 0.20000000298023224
2103 0.10000000149011612
2104 0.20000000298023224
2105 0.490000007674098
2106 0.10000000149011612
2107 0.10000000149011612
2108 0.0
2109 0.20000000298023224
2110 0.10000000149011612
2111 0.10000000149011612
2112 0.20000000298023224
2113 0.20000000298023224
2114 0.30000000447034836
2115 0.0
2116 0.10000000149011612
2117 0.10000000149011612
2118 0.10000000149011612
2119 0.10000000149011612
2120 0.10000000149011612
2121 0.800000011920929
2122 0.10000000149011612
2123 0.5000000074505806
2124 0.10000000149011612
2125 0.10000000149011612
2126 0.20000000298023224
2127 0.7000000104308128
2128 0.20000000298023224
2129 0.10000000149011612
2130 0.2900000046938658
2131 0.10000000149011612
2132 0.0
2133 0.0
2134 0.10000000149011612
2135 0.20000000298023224
2136 0.20000000298023224
2137 0.20000000298023224
2138 0.10000000149011612
2139 0.30000000447034836
2140 0.10000000149011612
2141 0.20000000298023224
2142 0.5900000091642141
2143 0.20000000298023224
2144 0.3900000061839819
2145 0.20000000298023224
2146 0.20000000298023224
2147 0.19000000320374966
2148 0.10000000149011612
2149 0.30000000447034836
2150 0.10000000149011612
2151 0.0
2152 0.10000000149011612
2153 0.10000000149011612
2154 0.4000000059604645
2155 0.10000000149011612
2156 0.0
2157 0.10000000149011612
2158 0.20000000298023224
2159 0.0
2160 0.10000000149011612
2161 0.19000000320374966
2162 0.10000000149011612
2163 0.10000000149011612
2164 0.10000000149011612
2165 0.10000000149011612
2166 0.5000000074505806
2167 0.4000000059604645
2168 0.10000000149011612
2169 0.4000000059604645
2170 0.0
2171 0.20000000298023224
2172 0.20000000298023224
2173 0.10000000149011612
2174 0.10000000149011612
2175 0.10000000149011612
2176 0.30000000447034836
2177 0.10000000149011612
2178 0.10000000149011612
2179 0.10000000149011612
2180 0.20000000298023224
2181 0.0
2182 0.1900000050663948
2183 0.20000000298023224
2184 0.10000000149011612
2185 0.10000000149011612
2186 0.10000000149011612
2187 0.10000000149011612
2188 0.10000000149011612
2189 0.10000000149011612
2190 0.30000000447034836
2191 0.10000000149011612
2192 0.0
2193 0.30000000447034836
2194 0.20000000298023224
2195 0.10000000149011612
2196 0.10000000149011612
2197 0.20000000298023224
2198 0.09000000171363354
2199 0.10000000149011612
2200 0.10000000149011612
2201 0.20000000298023224
2202 0.20000000298023224
2203 0.10000000149011612
2204 0.10000000149011612
2205 0.19000000320374966
2206 0.0
2207 0.10000000149011612
2208 0.10000000149011612
2209 0.20000000298023224
2210 0.0
2211 0.20000000298023224
2212 0.10000000149011612
2213 0.0
2214 0.10000000149011612
2215 0.10000000149011612
2216 0.10000000149011612
2217 0.0
2218 0.20000000298023224
2219 0.10000000149011612
2220 0.10000000149011612
2221 0.10000000149011612
2222 0.10000000149011612
2223 0.10000000149011612
2224 0.20000000298023224
2225 0.800000011920929
2226 0.10000000149011612
2227 0.0
2228 0.10000000149011612
2229 0.10000000149011612
2230 0.10000000149011612
2231 0.10000000149011612
2232 0.10000000149011612
2233 0.0
2234 0.10000000149011612
2235 0.10000000149011612
2236 0.10000000149011612
2237 0.10000000149011612
2238 0.4000000059604645
2239 0.10000000149011612
2240 0.10000000149011612
2241 0.10000000149011612
2242 0.10000000149011612
2243 0.20000000298023224
2244 0.20000000298023224
2245 0.0
2246 0.30000000447034836
2247 0.10000000149011612
2248 0.10000000149011612
2249 0.10000000149011612
2250 0.10000000149011612
2251 0.20000000298023224
2252 0.0
2253 0.30000000447034836
2254 0.0
2255 0.20000000298023224
2256 0.30000000447034836
2257 0.10000000149011612
2258 0.10000000149011612
2259 0.30000000447034836
2260 0.10000000149011612
2261 0.10000000149011612
2262 0.20000000298023224
2263 0.0
2264 0.10000000149011612
2265 0.10000000149011612
2266 0.19000000320374966
2267 0.10000000149011612
2268 0.10000000149011612
2269 0.10000000149011612
2270 0.20000000298023224
2271 0.10000000149011612
2272 0.10000000149011612
2273 0.9000000134110451
2274 0.5000000074505806
2275 0.5000000074505806
2276 0.4000000059604645
2277 0.10000000149011612
2278 0.10000000149011612
2279 0.20000000298023224
2280 0.20000000298023224
2281 0.10000000149011612
2282 0.0
2283 0.20000000298023224
2284 0.10000000149011612
2285 0.10000000149011612
2286 0.20000000298023224
2287 0.10000000149011612
2288 0.10000000149011612
2289 0.10000000149011612
2290 0.10000000149011612
2291 0.10000000149011612
2292 0.5000000074505806
2293 0.10000000149011612
2294 0.10000000149011612
2295 0.20000000298023224
2296 0.20000000298023224
2297 0.20000000298023224
2298 0.0
2299 0.10000000149011612
2300 0.19000000320374966
2301 0.09000000171363354
2302 0.10000000149011612
2303 0.20000000298023224
2304 0.10000000149011612
2305 0.20000000298023224
2306 1.0000000149011612
2307 0.10000000149011612
2308 0.20000000298023224
2309 0.30000000447034836
2310 0.0
2311 0.20000000298023224
2312 0.10000000149011612
2313 0.10000000149011612
2314 0.4000000059604645
2315 0.10000000149011612
2316 0.20000000298023224
2317 0.5000000074505806
2318 0.10000000149011612
2319 0.10000000149011612
2320 0.10000000149011612
2321 0.0
2322 0.10000000149011612
2323 0.20000000298023224
2324 0.0
2325 0.10000000149011612
2326 0.20000000298023224
2327 0.30000000447034836
2328 0.4000000059604645
2329 0.10000000149011612
2330 0.20000000298023224
2331 0.20000000298023224
2332 0.19000000320374966
2333 0.0
2334 0.10000000149011612
2335 0.10000000149011612
2336 0.20000000298023224
2337 0.30000000447034836
2338 0.10000000149011612
2339 0.10000000149011612
2340 0.30000000447034836
2341 0.10000000149011612
2342 0.10000000149011612
2343 0.10000000149011612
2344 0.20000000298023224
2345 0.0
2346 0.10000000149011612
2347 0.10000000149011612
2348 0.10000000149011612
2349 0.20000000298023224
2350 0.0
2351 0.10000000149011612
2352 0.10000000149011612
2353 0.10000000149011612
2354 0.10000000149011612
2355 0.09000000171363354
2356 0.10000000149011612
2357 0.20000000298023224
2358 0.10000000149011612
2359 0.10000000149011612
2360 0.10000000149011612
2361 0.09000000171363354
2362 0.09000000171363354
2363 0.10000000149011612
2364 0.09000000171363354
2365 0.10000000149011612
2366 0.20000000298023224
2367 0.5000000074505806
2368 0.10000000149011612
2369 0.10000000149011612
2370 0.10000000149011612
2371 0.10000000149011612
2372 0.10000000149011612
2373 0.09000000171363354
2374 0.09000000171363354
2375 0.09000000171363354
2376 0.10000000149011612
2377 0.10000000149011612
2378 0.10000000149011612
2379 0.10000000149011612
2380 0.10000000149011612
2381 0.10000000149011612
2382 0.10000000149011612
2383 0.7000000104308128
2384 0.30000000447034836
2385 0.0
2386 0.09000000171363354
2387 0.19000000320374966
2388 0.10000000149011612
2389 0.10000000149011612
2390 0.19000000320374966
2391 0.10000000149011612
2392 0.10000000149011612
2393 0.10000000149011612
2394 0.10000000149011612
2395 0.19000000320374966
2396 0.19000000320374966
2397 0.2900000046938658
2398 0.10000000149011612
2399 0.0
2400 0.09000000171363354
2401 0.4000000059604645
2402 0.6000000089406967
2403 0.20000000298023224
2404 0.2900000046938658
2405 0.6000000089406967
2406 0.10000000149011612
2407 0.10000000149011612
2408 0.20000000298023224
2409 0.10000000149011612
2410 0.10000000149011612
2411 0.20000000298023224
2412 0.10000000149011612
2413 0.10000000149011612
2414 0.0
2415 0.10000000149011612
2416 0.10000000149011612
2417 0.10000000149011612
2418 0.10000000149011612
2419 0.10000000149011612
2420 0.10000000149011612
2421 0.19000000320374966
2422 0.20000000298023224
2423 0.5000000074505806
2424 0.10000000149011612
2425 0.10000000149011612
2426 0.10000000149011612
2427 0.20000000298023224
2428 0.20000000298023224
2429 0.4000000059604645
2430 0.10000000149011612
2431 0.20000000298023224
2432 0.0
2433 0.10000000149011612
2434 0.0
2435 0.0
2436 0.10000000149011612
2437 0.0
2438 0.10000000149011612
2439 0.20000000298023224
2440 0.10000000149011612
2441 0.09000000171363354
2442 0.09000000171363354
2443 0.6000000089406967
2444 0.10000000149011612
2445 0.4000000059604645
2446 0.30000000447034836
2447 0.10000000149011612
2448 0.10000000149011612
2449 0.10000000149011612
2450 0.10000000149011612
2451 0.20000000298023224
2452 0.10000000149011612
2453 0.10000000149011612
2454 0.10000000149011612
2455 0.10000000149011612
2456 0.10000000149011612
2457 0.10000000149011612
2458 0.800000011920929
2459 0.20000000298023224
2460 0.0
2461 0.20000000298023224
2462 0.0
2463 1.5000000223517418
2464 0.10000000149011612
2465 0.20000000298023224
2466 0.20000000298023224
2467 0.0
2468 0.10000000149011612
2469 0.800000011920929
2470 0.4000000059604645
2471 0.19000000320374966
2472 0.10000000149011612
2473 0.30000000447034836
2474 0.0
2475 0.10000000149011612
2476 0.20000000298023224
2477 0.20000000298023224
2478 0.10000000149011612
2479 0.20000000298023224
2480 0.30000000447034836
2481 0.0
2482 0.10000000149011612
2483 0.10000000149011612
2484 0.0
2485 0.20000000298023224
2486 0.0
2487 0.10000000149011612
2488 0.10000000149011612
2489 0.7000000104308128
2490 0.10000000149011612
2491 0.10000000149011612
2492 0.4000000059604645
2493 0.09000000171363354
2494 0.10000000149011612
2495 0.10000000149011612
2496 0.5000000074505806
2497 0.7000000104308128
2498 0.10000000149011612
2499 0.10000000149011612
2500 0.0
2501 0.10000000149011612
2502 0.4000000059604645
2503 0.20000000298023224
2504 0.10000000149011612
2505 0.20000000298023224
2506 0.0
2507 0.30000000447034836
2508 0.20000000298023224
2509 0.10000000149011612
2510 0.30000000447034836
2511 0.20000000298023224
2512 0.10000000149011612
2513 0.19000000320374966
2514 0.10000000149011612
2515 0.20000000298023224
2516 0.10000000149011612
2517 0.3900000061839819
2518 0.10000000149011612
2519 0.800000011920929
2520 0.09000000171363354
2521 0.10000000149011612
2522 0.2900000046938658
2523 0.10000000149011612
2524 0.09000000171363354
2525 0.20000000298023224
2526 0.2900000046938658
2527 0.10000000149011612
2528 1.1000000163912773
2529 0.4000000059604645
2530 0.30000000447034836
2531 0.10000000149011612
2532 0.800000011920929
2533 0.20000000298023224
2534 0.0
2535 0.20000000298023224
2536 0.10000000149011612
2537 0.7000000104308128
2538 0.0
2539 0.0
2540 0.0
2541 0.20000000298023224
2542 0.4000000059604645
2543 0.7000000104308128
2544 0.20000000298023224
2545 0.09000000171363354
2546 0.10000000149011612
2547 0.20000000298023224
2548 0.4000000059604645
2549 0.0
2550 0.10000000149011612
2551 0.0
2552 0.10000000149011612
2553 0.10000000149011612
2554 0.20000000298023224
2555 0.10000000149011612
2556 0.10000000149011612
2557 0.20000000298023224
2558 0.09000000171363354
2559 0.10000000149011612
2560 0.10000000149011612
2561 0.0
2562 0.10000000149011612
2563 0.19000000320374966
2564 0.19000000320374966
2565 0.4000000059604645
2566 0.490000007674098
2567 0.10000000149011612
2568 0.19000000320374966
2569 0.10000000149011612
2570 0.30000000447034836
2571 0.10000000149011612
2572 0.30000000447034836
2573 0.0
2574 0.20000000298023224
2575 0.0
2576 0.10000000149011612
2577 0.30000000447034836
2578 0.4000000059604645
2579 0.10000000149011612
2580 0.10000000149011612
2581 0.20000000298023224
2582 0.10000000149011612
2583 0.0
2584 0.20000000298023224
2585 0.0
2586 0.10000000149011612
2587 0.19000000320374966
2588 0.10000000149011612
2589 0.10000000149011612
2590 0.10000000149011612
2591 0.20000000298023224
2592 0.3900000061839819
2593 0.5000000074505806
2594 0.0
2595 0.20000000298023224
2596 0.20000000298023224
2597 0.20000000298023224
2598 0.10000000149011612
2599 0.4000000059604645
2600 0.0
2601 0.30000000447034836
2602 0.20000000298023224
2603 0.0
2604 0.2900000046938658
2605 0.20000000298023224
2606 0.20000000298023224
2607 0.10000000149011612
2608 0.20000000298023224
2609 0.20000000298023224
2610 0.0
2611 0.10000000149011612
2612 0.0
2613 0.10000000149011612
2614 0.10000000149011612
2615 0.20000000298023224
2616 0.20000000298023224
2617 0.30000000447034836
2618 0.30000000447034836
2619 0.20000000298023224
2620 0.10000000149011612
2621 0.30000000447034836
2622 0.20000000298023224
2623 0.10000000149011612
2624 0.10000000149011612
2625 0.30000000447034836
2626 0.09000000171363354
2627 0.30000000447034836
2628 0.10000000149011612
2629 0.10000000149011612
2630 0.30000000447034836
2631 0.10000000149011612
2632 0.0
2633 0.0
2634 0.19000000320374966
2635 0.10000000149011612
2636 1.0000000149011612
2637 0.0
2638 0.20000000298023224
2639 0.10000000149011612
2640 0.0
2641 0.20000000298023224
2642 0.10000000149011612
2643 0.20000000298023224
2644 0.10000000149011612
2645 0.5000000074505806
2646 0.0
2647 0.800000011920929
2648 0.20000000298023224
2649 0.0
2650 0.10000000149011612
2651 0.3900000061839819
2652 0.20000000298023224
2653 0.10000000149011612
2654 0.20000000298023224
2655 0.5000000074505806
2656 0.09000000171363354
2657 0.30000000447034836
2658 0.10000000149011612
2659 0.10000000149011612
2660 0.20000000298023224
2661 0.9000000134110451
2662 0.7000000104308128
2663 0.30000000447034836
2664 0.10000000149011612
2665 0.10000000149011612
2666 1.4000000208616257
2667 0.30000000447034836
2668 0.7000000104308128
2669 0.490000007674098
2670 0.10000000149011612
2671 0.30000000447034836
2672 0.20000000298023224
2673 0.0
2674 0.20000000298023224
2675 0.10000000149011612
2676 0.0
2677 0.800000011920929
2678 0.5000000074505806
2679 0.4000000059604645
2680 0.20000000298023224
2681 0.09000000171363354
2682 0.20000000298023224
2683 0.30000000447034836
2684 0.10000000149011612
2685 0.20000000298023224
2686 0.10000000149011612
2687 0.20000000298023224
2688 0.0
2689 1.2000000178813934
2690 1.2000000178813934
2691 0.20000000298023224
2692 0.30000000447034836
2693 0.20000000298023224
2694 0.10000000149011612
2695 0.30000000447034836
2696 0.10000000149011612
2697 0.19000000320374966
2698 0.10000000149011612
2699 0.10000000149011612
2700 0.10000000149011612
2701 0.8900000136345625
2702 0.0
2703 0.7000000104308128
2704 0.4000000059604645
2705 0.6000000089406967
2706 1.0000000149011612
2707 1.0000000149011612
2708 0.10000000149011612
2709 0.2900000046938658
2710 0.10000000149011612
2711 0.19000000320374966
2712 0.20000000298023224
2713 0.30000000447034836
2714 0.0
2715 0.0
2716 0.10000000149011612
2717 0.20000000298023224
2718 0.20000000298023224
2719 0.20000000298023224
2720 0.9000000134110451
2721 1.0000000149011612
2722 0.30000000447034836
2723 0.20000000298023224
2724 0.20000000298023224
2725 0.0
2726 0.10000000149011612
2727 0.20000000298023224
2728 0.6000000089406967
2729 0.20000000298023224
2730 0.30000000447034836
2731 0.30000000447034836
2732 0.10000000149011612
2733 0.10000000149011612
2734 0.7000000104308128
2735 0.0
2736 0.0
2737 0.10000000149011612
2738 0.490000007674098
2739 0.30000000447034836
2740 0.6000000089406967
2741 0.2900000046938658
2742 0.0
2743 0.20000000298023224
2744 0.0
2745 0.19000000320374966
2746 1.0000000149011612
2747 0.4000000059604645
2748 0.30000000447034836
2749 0.5000000074505806
2750 0.5000000074505806
2751 0.0
2752 0.0
2753 0.10000000149011612
2754 1.0000000149011612
2755 0.490000007674098
2756 0.30000000447034836
2757 0.6000000089406967
2758 0.20000000298023224
2759 0.20000000298023224
2760 0.10000000149011612
2761 0.5000000074505806
2762 0.0
2763 0.20000000298023224
2764 0.0
2765 0.20000000298023224
2766 1.2000000178813934
2767 0.30000000447034836
2768 0.4000000059604645
2769 0.10000000149011612
2770 0.800000011920929
2771 0.10000000149011612
2772 0.09000000171363354
2773 0.800000011920929
2774 0.10000000149011612
2775 0.6000000089406967
2776 0.10000000149011612
2777 0.10000000149011612
2778 1.2000000178813934
2779 0.6000000089406967
2780 0.30000000447034836
2781 0.30000000447034836
2782 0.10000000149011612
2783 0.5000000074505806
2784 0.6000000089406967
2785 0.4000000059604645
2786 0.0
2787 0.10000000149011612
2788 0.4000000059604645
2789 1.1000000163912773
2790 0.0
2791 0.4000000059604645
2792 0.3900000061839819
2793 0.0
2794 1.700000025331974
2795 0.20000000298023224
2796 2.500000037252903
2797 0.30000000447034836
2798 0.4000000059604645
2799 0.20000000298023224
2800 0.30000000447034836
2801 0.800000011920929
2802 0.10000000149011612
2803 0.30000000447034836
2804 0.10000000149011612
2805 0.30000000447034836
2806 0.0
2807 1.1000000163912773
2808 1.4000000208616257
2809 0.10000000149011612
2810 0.20000000298023224
2811 0.30000000447034836
2812 0.0
2813 0.0
2814 0.0
2815 0.20000000298023224
2816 0.0
2817 1.9000000283122063
2818 2.7000000402331352
2819 0.10000000149011612
2820 0.30000000447034836
2821 0.0
2822 0.0
2823 0.0
2824 2.0000000298023224
2825 1.1000000163912773
2826 0.10000000149011612
2827 0.20000000298023224
2828 0.4000000059604645
2829 0.0
2830 0.4000000059604645
2831 2.600000038743019
2832 0.10000000149011612
2833 0.10000000149011612
2834 0.9000000134110451
2835 0.0
2836 0.7000000104308128
2837 2.600000038743019
2838 0.10000000149011612
2839 0.20000000298023224
2840 0.0
2841 0.9900000169873238
2842 1.600000023841858
2843 0.10000000149011612
2844 1.3000000193715096
2845 2.400000035762787
2846 0.4000000059604645
2847 0.7000000104308128
2848 0.10000000149011612
2849 0.10000000149011612
2850 1.9000000283122063
2851 0.30000000447034836
2852 0.10000000149011612
2853 0.5000000074505806
2854 0.6000000089406967
2855 1.600000023841858
2856 0.6000000089406967
2857 0.10000000149011612
2858 0.5000000074505806
2859 1.2000000178813934
2860 0.6000000089406967
2861 0.0
2862 0.800000011920929
2863 2.2000000327825546
2864 0.5000000074505806
2865 0.10000000149011612
2866 1.0000000149011612
2867 0.10000000149011612
2868 1.5000000223517418
2869 0.10000000149011612
2870 1.0000000149011612
2871 1.3000000193715096
2872 1.0000000149011612
2873 0.10000000149011612
2874 2.600000038743019
2875 0.10000000149011612
2876 0.800000011920929
2877 0.10000000149011612
2878 0.30000000447034836
2879 0.10000000149011612
2880 0.20000000298023224
2881 0.5000000074505806
2882 0.20000000298023224
2883 0.10000000149011612
2884 0.7000000104308128
2885 0.4000000059604645
2886 0.10000000149011612
2887 0.20000000298023224
2888 0.7000000104308128
2889 0.10000000149011612
2890 0.20000000298023224
2891 0.7000000104308128
2892 0.0
2893 0.30000000447034836
2894 0.30000000447034836
2895 0.10000000149011612
2896 0.10000000149011612
2897 0.30000000447034836
2898 0.30000000447034836
2899 0.10000000149011612
2900 0.6000000089406967
2901 0.20000000298023224
2902 0.2900000046938658
2903 0.4000000059604645
2904 0.0
2905 0.20000000298023224
2906 0.4000000059604645
2907 0.4000000059604645
2908 0.20000000298023224
2909 0.5000000074505806
2910 0.4000000059604645
2911 0.9000000134110451
2912 0.10000000149011612
2913 0.10000000149011612
2914 0.0
2915 0.20000000298023224
2916 0.2900000046938658
2917 1.2000000178813934
2918 0.10000000149011612
2919 0.5000000074505806
2920 0.20000000298023224
2921 1.2000000178813934
2922 0.19000000320374966
2923 0.10000000149011612
2924 0.20000000298023224
2925 0.6000000089406967
2926 0.10000000149011612
2927 0.0
2928 0.20000000298023224
2929 0.0
2930 0.800000011920929
2931 0.6000000089406967
2932 0.20000000298023224
2933 0.10000000149011612
2934 0.10000000149011612
2935 0.5000000074505806
2936 0.6000000089406967
2937 0.800000011920929
2938 0.20000000298023224
2939 0.10000000149011612
2940 0.10000000149011612
2941 0.0
2942 0.10000000149011612
2943 0.20000000298023224
2944 0.10000000149011612
2945 0.5000000074505806
2946 0.20000000298023224
2947 0.20000000298023224
2948 0.30000000447034836
2949 0.6900000106543303
2950 0.0
2951 0.10000000149011612
2952 0.10000000149011612
2953 0.10000000149011612
2954 0.4000000059604645
2955 0.0
2956 0.2900000046938658
2957 0.6000000089406967
2958 0.0
2959 0.20000000298023224
2960 0.20000000298023224
2961 0.10000000149011612
2962 0.0
2963 0.09000000357627869
2964 0.10000000149011612
2965 0.10000000149011612
2966 0.800000011920929
2967 0.20000000298023224
2968 0.0
2969 0.0
2970 0.800000011920929
2971 0.10000000149011612
2972 0.20000000298023224
2973 0.20000000298023224
2974 1.600000023841858
2975 0.0
2976 1.600000023841858
2977 0.10000000149011612
2978 0.0
2979 0.10000000149011612
2980 0.10000000149011612
2981 0.19000000320374966
2982 0.19000000320374966
2983 0.10000000149011612
2984 0.20000000298023224
2985 0.0
2986 0.30000000447034836
2987 0.0
2988 0.0
2989 0.0
2990 0.09000000171363354
2991 0.0
2992 0.10000000149011612
2993 0.10000000149011612
2994 0.30000000447034836
2995 0.4000000059604645
2996 0.0
2997 0.20000000298023224
2998 0.10000000149011612
2999 0.4000000059604645
3000 0.30000000447034836
3001 0.20000000298023224
3002 0.10000000149011612
3003 0.10000000149011612
3004 1.9000000283122063
3005 0.20000000298023224
3006 0.10000000149011612
3007 0.10000000149011612
3008 0.10000000149011612
3009 0.10000000149011612
3010 0.20000000298023224
3011 0.10000000149011612
3012 0.10000000149011612
3013 0.10000000149011612
3014 0.20000000298023224
3015 0.10000000149011612
3016 0.0
3017 0.20000000298023224
3018 1.3000000193715096
3019 1.8900000285357237
3020 0.10000000149011612
3021 0.10000000149011612
3022 0.20000000298023224
3023 0.10000000149011612
3024 0.30000000447034836
3025 0.6000000089406967
3026 0.20000000298023224
3027 0.5000000074505806
3028 0.5000000074505806
3029 1.3000000193715096
3030 0.10000000149011612
3031 0.19000000320374966
3032 0.3900000061839819
3033 0.10000000149011612
3034 1.3000000193715096
3035 0.20000000298023224
3036 0.10000000149011612
3037 0.4000000059604645
3038 0.4000000059604645
3039 0.4000000059604645
3040 0.20000000298023224
3041 0.10000000149011612
3042 0.09000000171363354
3043 0.20000000298023224
3044 1.2000000178813934
3045 0.0
3046 1.2000000178813934
3047 0.10000000149011612
3048 0.10000000149011612
3049 0.09000000171363354
3050 1.0000000149011612
3051 0.10000000149011612
3052 0.0
3053 0.09000000171363354
3054 0.10000000149011612
3055 0.30000000447034836
3056 0.10000000149011612
3057 0.20000000298023224
3058 0.10000000149011612
3059 0.10000000149011612
3060 0.30000000447034836
3061 0.20000000298023224
3062 0.4000000059604645
3063 0.10000000149011612
3064 0.10000000149011612
3065 0.10000000149011612
3066 0.20000000298023224
3067 0.10000000149011612
3068 0.20000000298023224
3069 0.20000000298023224
3070 0.7000000104308128
3071 0.10000000149011612
3072 0.3900000061839819
3073 0.20000000298023224
3074 0.30000000447034836
3075 0.10000000149011612
3076 0.10000000149011612
3077 0.10000000149011612
3078 0.9000000134110451
3079 0.10000000149011612
3080 0.10000000149011612
3081 0.0
3082 0.5000000074505806
3083 0.10000000149011612
3084 0.10000000149011612
3085 0.10000000149011612
3086 0.20000000298023224
3087 0.0
3088 0.0
3089 0.9000000134110451
3090 0.6000000089406967
3091 0.30000000447034836
3092 0.5000000074505806
3093 0.0
3094 0.10000000149011612
3095 0.09000000171363354
3096 0.5000000074505806
3097 0.0
3098 0.10000000149011612
3099 0.10000000149011612
3100 0.10000000149011612
3101 0.0
3102 0.10000000149011612
3103 0.20000000298023224
3104 0.10000000149011612
3105 0.6000000089406967
3106 0.6000000089406967
3107 1.2000000178813934
3108 0.800000011920929
3109 0.20000000298023224
3110 0.30000000447034836
3111 0.10000000149011612
3112 0.10000000149011612
3113 0.4000000059604645
3114 0.10000000149011612
3115 0.7000000104308128
3116 0.49000000953674316
3117 0.10000000149011612
3118 0.0
3119 0.10000000149011612
3120 0.10000000149011612
3121 0.10000000149011612
3122 0.20000000298023224
3123 0.10000000149011612
3124 0.0
3125 0.10000000149011612
3126 0.800000011920929
3127 0.30000000447034836
3128 0.20000000298023224
3129 0.10000000149011612
3130 0.10000000149011612
3131 0.20000000298023224
3132 0.30000000447034836
3133 0.4000000059604645
3134 0.10000000149011612
3135 0.6000000089406967
3136 0.5000000074505806
3137 0.9000000134110451
3138 0.20000000298023224
3139 0.30000000447034836
3140 0.10000000149011612
3141 0.20000000298023224
3142 0.10000000149011612
3143 1.3000000193715096
3144 0.4000000059604645
3145 0.4000000059604645
3146 0.4000000059604645
3147 0.7000000104308128
3148 1.1000000163912773
3149 0.4000000059604645
3150 0.4000000059604645
3151 0.4000000059604645
3152 0.10000000149011612
3153 0.20000000298023224
3154 0.10000000149011612
3155 0.10000000149011612
3156 0.20000000298023224
3157 0.5000000074505806
3158 0.4000000059604645
3159 0.20000000298023224
3160 0.10000000149011612
3161 0.7000000104308128
3162 0.10000000149011612
3163 0.4000000059604645
3164 1.290000019595027
3165 0.20000000298023224
3166 1.1000000163912773
3167 0.10000000149011612
3168 2.2000000327825546
3169 0.5000000074505806
3170 0.20000000298023224
3171 0.20000000298023224
3172 0.490000007674098
3173 0.6000000089406967
3174 0.30000000447034836
3175 0.20000000298023224
3176 0.0
3177 0.20000000298023224
3178 0.20000000298023224
3179 0.10000000149011612
3180 0.10000000149011612
3181 0.20000000298023224
3182 0.8900000136345625
3183 0.10000000149011612
3184 0.30000000447034836
3185 0.10000000149011612
3186 1.0000000149011612
3187 0.10000000149011612
3188 0.20000000298023224
3189 0.19000000320374966
3190 1.9000000283122063
3191 1.1000000163912773
3192 0.19000000320374966
3193 0.10000000149011612
3194 0.10000000149011612
3195 0.7000000104308128
3196 0.4000000059604645
3197 0.20000000298023224
3198 0.10000000149011612
3199 0.10000000149011612
3200 0.5000000074505806
3201 0.4000000059604645
3202 0.6000000089406967
3203 0.5900000091642141
3204 0.0
3205 0.0
3206 0.20000000298023224
3207 0.20000000298023224
3208 0.0
3209 0.1900000050663948
3210 0.30000000447034836
3211 0.10000000149011612
3212 0.10000000149011612
3213 0.0
3214 0.6000000089406967
3215 0.5000000074505806
3216 1.0000000149011612
3217 0.4000000059604645
3218 0.10000000149011612
3219 0.10000000149011612
3220 0.10000000149011612
3221 0.20000000298023224
3222 0.10000000149011612
3223 0.20000000298023224
3224 0.2900000046938658
3225 1.8000000268220901
3226 0.10000000149011612
3227 0.19000000320374966
3228 0.10000000149011612
3229 0.30000000447034836
3230 0.20000000298023224
3231 1.1900000181049109
3232 0.30000000447034836
3233 0.30000000447034836
3234 1.1000000163912773
3235 0.6000000089406967
3236 0.5000000074505806
3237 0.10000000149011612
3238 0.6000000089406967
3239 1.4900000225752592
3240 0.20000000298023224
3241 0.4000000059604645
3242 0.10000000149011612
3243 0.20000000298023224
3244 0.5000000074505806
3245 0.19000000320374966
3246 2.400000035762787
3247 0.20000000298023224
3248 0.6000000089406967
3249 0.09000000171363354
3250 0.0
3251 0.10000000149011612
3252 0.20000000298023224
3253 0.30000000447034836
3254 1.600000023841858
3255 0.4000000059604645
3256 0.4000000059604645
3257 0.10000000149011612
3258 0.7000000104308128
3259 0.30000000447034836
3260 0.0
3261 0.10000000149011612
3262 0.0
3263 0.10000000149011612
3264 0.10000000149011612
3265 0.0
3266 0.10000000149011612
3267 0.10000000149011612
3268 0.20000000298023224
3269 0.19000000320374966
3270 0.800000011920929
3271 0.20000000298023224
3272 0.10000000149011612
3273 0.4000000059604645
3274 0.0
3275 0.30000000447034836
3276 1.700000025331974
3277 0.10000000149011612
3278 0.10000000149011612
3279 0.30000000447034836
3280 0.10000000149011612
3281 1.1000000163912773
3282 0.19000000320374966
3283 0.20000000298023224
3284 0.10000000149011612
3285 1.8000000268220901
3286 0.10000000149011612
3287 0.6000000089406967
3288 0.20000000298023224
3289 0.5000000074505806
3290 0.10000000149011612
3291 0.20000000298023224
3292 0.19000000320374966
3293 1.2000000178813934
3294 0.800000011920929
3295 2.0000000298023224
3296 0.4000000059604645
3297 0.20000000298023224
3298 0.30000000447034836
3299 0.10000000149011612
3300 0.7000000104308128
3301 0.0
3302 0.30000000447034836
3303 0.10000000149011612
3304 0.20000000298023224
3305 0.30000000447034836
3306 0.20000000298023224
3307 0.5000000074505806
3308 0.0
3309 0.19000000320374966
3310 0.10000000149011612
3311 0.9000000134110451
3312 0.10000000149011612
3313 0.30000000447034836
3314 0.20000000298023224
3315 0.20000000298023224
3316 0.20000000298023224
3317 0.10000000149011612
3318 1.2000000178813934
3319 1.1000000163912773
3320 0.10000000149011612
3321 0.10000000149011612
3322 0.20000000298023224
3323 0.10000000149011612
3324 0.20000000298023224
3325 0.10000000149011612
3326 0.30000000447034836
3327 1.0000000149011612
3328 0.0
3329 0.20000000298023224
3330 0.20000000298023224
3331 0.1900000050663948
3332 0.800000011920929
3333 0.19000000320374966
3334 0.10000000149011612
3335 0.10000000149011612
3336 0.7000000104308128
3337 0.20000000298023224
3338 0.0
3339 0.4000000059604645
3340 0.20000000298023224
3341 0.10000000149011612
3342 0.0
3343 0.0
3344 0.10000000149011612
3345 0.10000000149011612
3346 0.30000000447034836
3347 0.5000000074505806
3348 1.3000000193715096
3349 0.0
3350 0.10000000149011612
3351 0.10000000149011612
3352 0.10000000149011612
3353 0.10000000149011612
3354 0.6000000089406967
3355 0.0
3356 0.20000000298023224
3357 0.19000000320374966
3358 0.4000000059604645
3359 0.7000000104308128
3360 0.19000000320374966
3361 0.10000000149011612
3362 0.10000000149011612
3363 0.800000011920929
3364 0.9000000134110451
3365 0.6000000089406967
3366 0.20000000298023224
3367 0.20000000298023224
3368 0.10000000149011612
3369 0.10000000149011612
3370 0.30000000447034836
3371 0.10000000149011612
3372 0.20000000298023224
3373 0.6000000089406967
3374 0.0
3375 0.10000000149011612
3376 0.10000000149011612
3377 0.9000000134110451
3378 0.30000000447034836
3379 1.0000000149011612
3380 0.0
3381 0.800000011920929
3382 0.4000000059604645
3383 0.5000000074505806
3384 0.9000000134110451
3385 0.10000000149011612
3386 0.30000000447034836
3387 0.30000000447034836
3388 0.10000000149011612
3389 0.10000000149011612
3390 0.09000000171363354
3391 0.10000000149011612
3392 0.20000000298023224
3393 0.10000000149011612
3394 0.10000000149011612
3395 0.20000000298023224
3396 0.20000000298023224
3397 0.6000000089406967
3398 0.10000000149011612
3399 0.10000000149011612
3400 0.5000000074505806
3401 0.10000000149011612
3402 0.30000000447034836
3403 0.10000000149011612
3404 0.4000000059604645
3405 0.10000000149011612
3406 1.3000000193715096
3407 0.10000000149011612
3408 0.10000000149011612
3409 0.5000000074505806
3410 0.4000000059604645
3411 0.10000000149011612
3412 0.10000000149011612
3413 0.19000000320374966
3414 0.10000000149011612
3415 1.4000000208616257
3416 0.20000000298023224
3417 0.20000000298023224
3418 0.20000000298023224
3419 0.10000000149011612
3420 0.20000000298023224
3421 0.10000000149011612
3422 0.10000000149011612
3423 0.10000000149011612
3424 0.30000000447034836
3425 0.5000000074505806
3426 0.10000000149011612
3427 0.9000000134110451
3428 0.20000000298023224
3429 0.10000000149011612
3430 0.10000000149011612
3431 0.19000000320374966
3432 0.30000000447034836
3433 0.10000000149011612
3434 0.2900000046938658
3435 0.5000000074505806
3436 0.20000000298023224
3437 0.4000000059604645
3438 0.10000000149011612
3439 0.20000000298023224
3440 0.10000000149011612
3441 0.10000000149011612
3442 1.4000000208616257
3443 0.20000000298023224
3444 0.20000000298023224
3445 0.10000000149011612
3446 0.10000000149011612
3447 0.10000000149011612
3448 0.10000000149011612
3449 0.20000000298023224
3450 0.5900000091642141
3451 0.4000000059604645
3452 0.7000000104308128
3453 0.0
3454 0.0
3455 0.10000000149011612
3456 0.5000000074505806
3457 0.10000000149011612
3458 0.9000000134110451
3459 0.20000000298023224
3460 0.10000000149011612
3461 0.10000000149011612
3462 0.10000000149011612
3463 0.10000000149011612
3464 0.10000000149011612
3465 0.4000000059604645
3466 0.7000000104308128
3467 0.6000000089406967
3468 0.09000000171363354
3469 0.30000000447034836
3470 0.19000000320374966
3471 0.800000011920929
3472 0.10000000149011612
3473 0.10000000149011612
3474 0.20000000298023224
3475 0.10000000149011612
3476 0.10000000149011612
3477 0.4000000059604645
3478 0.0
3479 0.4000000059604645
3480 0.30000000447034836
3481 0.10000000149011612
3482 0.09000000171363354
3483 0.7000000104308128
3484 0.5000000074505806
3485 0.30000000447034836
3486 0.30000000447034836
3487 0.7000000104308128
3488 2.600000038743019
3489 0.2900000046938658
3490 0.10000000149011612
3491 0.30000000447034836
3492 0.30000000447034836
3493 0.4000000059604645
3494 0.0
3495 0.20000000298023224
3496 0.10000000149011612
3497 0.4000000059604645
3498 0.4000000059604645
3499 0.4000000059604645
3500 0.20000000298023224
3501 0.6000000089406967
3502 0.2900000046938658
3503 0.30000000447034836
3504 0.10000000149011612
3505 0.0
3506 0.20000000298023224
3507 0.20000000298023224
3508 0.0
3509 0.10000000149011612
3510 0.4000000059604645
3511 0.10000000149011612
3512 0.0
3513 0.30000000447034836
3514 0.9000000134110451
3515 0.800000011920929
3516 0.6000000089406967
3517 0.20000000298023224
3518 0.10000000149011612
3519 0.10000000149011612
3520 0.6000000089406967
3521 0.10000000149011612
3522 0.9000000134110451
3523 0.10000000149011612
3524 0.10000000149011612
3525 0.0
3526 0.10000000149011612
3527 0.20000000298023224
3528 0.0
3529 0.10000000149011612
3530 0.10000000149011612
3531 0.0
3532 0.10000000149011612
3533 1.2000000178813934
3534 0.0
3535 0.5900000091642141
3536 1.0000000149011612
3537 0.800000011920929
3538 0.30000000447034836
3539 0.6000000089406967
3540 0.9000000134110451
3541 0.10000000149011612
3542 0.9000000134110451
3543 1.390000021085143
3544 0.10000000149011612
3545 0.800000011920929
3546 1.5000000223517418
3547 0.0
3548 0.10000000149011612
3549 0.20000000298023224
3550 0.20000000298023224
3551 0.10000000149011612
3552 0.8900000136345625
3553 0.20000000298023224
3554 0.800000011920929
3555 0.10000000149011612
3556 0.4000000059604645
3557 0.09000000171363354
3558 0.4000000059604645
3559 0.30000000447034836
3560 0.5000000074505806
3561 1.1000000163912773
3562 0.20000000298023224
3563 0.09000000171363354
3564 0.10000000149011612
3565 0.9000000134110451
3566 0.10000000149011612
3567 0.30000000447034836
3568 0.10000000149011612
3569 0.30000000447034836
3570 0.0
3571 0.30000000447034836
3572 0.10000000149011612
3573 0.20000000298023224
3574 2.2000000327825546
3575 0.10000000149011612
3576 0.800000011920929
3577 0.10000000149011612
3578 2.0000000298023224
3579 0.30000000447034836
3580 0.30000000447034836
3581 0.0
3582 2.400000035762787
3583 0.10000000149011612
3584 0.5000000074505806
3585 0.09000000357627869
3586 0.6000000089406967
3587 0.10000000149011612
3588 0.10000000149011612
3589 0.30000000447034836
3590 0.5900000091642141
3591 0.30000000447034836
3592 0.10000000149011612
3593 0.0
3594 1.1000000163912773
3595 0.20000000298023224
3596 0.0
3597 0.20000000298023224
3598 0.10000000149011612
3599 1.8000000268220901
3600 0.10000000149011612
3601 0.6000000089406967
3602 0.0
3603 0.0
3604 0.20000000298023224
3605 0.20000000298023224
3606 0.6900000106543303
3607 0.10000000149011612
3608 0.4000000059604645
3609 0.30000000447034836
3610 0.10000000149011612
3611 0.0
3612 0.20000000298023224
3613 1.600000023841858
3614 0.5000000074505806
3615 0.10000000149011612
3616 0.5000000074505806
3617 0.0
3618 0.0
3619 1.600000023841858
3620 0.10000000149011612
3621 0.6000000089406967
